{
    "frame_number": 147932,
    "frame_rate": 300.0,
    "latency": 0.005116910016934425,
    "my_frame_number": 40114,
    "num_subjects": 10,
    "on_time": 133.7152501,
    "subjectNames": [
        "Marker Ballmaschine",
        "Marker_Arm",
        "rll_led_stick",
        "rll_muscle_base",
        "rll_muscle_racket",
        "rll_ping_base",
        "TT Platte_Eckteil 1",
        "TT Platte_Eckteil 2",
        "TT Platte_Eckteil 3",
        "TT Platte_Eckteil 4"
    ],
    "subject_0": {
        "global_rotation": {
            "eulerxyz": [
                [
                    -0.027090416717231586,
                    -0.00573477329615781,
                    -2.624231475010941
                ],
                false
            ],
            "helical": [
                [
                    0.002623291749633237,
                    0.05233607027574508,
                    3.65860553226066
                ],
                false
            ],
            "matrix": [
                [
                    [
                        -0.869113042904822,
                        0.49458025778279147,
                        -0.005734741862364127
                    ],
                    [
                        -0.4945419229800728,
                        -0.8687316037656778,
                        0.027086657857414317
                    ],
                    [
                        0.00841457473032049,
                        0.026377437900987052,
                        0.9996166393682571
                    ]
                ],
                false
            ],
            "quaternion": [
                [
                    0.0006930895683462925,
                    0.013827506742789401,
                    0.9666257401443897,
                    -0.25581829132108413
                ],
                false
            ]
        },
        "global_translation": [
            [
                2030.950497139995,
                1376.4197317785815,
                517.831819877793
            ],
            false
        ],
        "name": "Marker Ballmaschine",
        "quality": 0.2070451582283558
    },
    "subject_1": {
        "global_rotation": {
            "eulerxyz": [
                [
                    0.07952347465188811,
                    -0.10022139952452336,
                    0.004384341422021399
                ],
                false
            ],
            "helical": [
                [
                    0.07923705682105066,
                    -0.10034243611602951,
                    0.0003933909211773996
                ],
                false
            ],
            "matrix": [
                [
                    [
                        0.9949724748400259,
                        -0.004362326986785123,
                        -0.10005370764731505
                    ],
                    [
                        -0.003577687015582423,
                        0.9968649413323433,
                        -0.07904105830568292
                    ],
                    [
                        0.10008483634563509,
                        0.0790016382470908,
                        0.9918375707180805
                    ]
                ],
                false
            ],
            "quaternion": [
                [
                    0.03959154830769501,
                    -0.0501370516041702,
                    0.00019656151155106896,
                    0.9979572870231533
                ],
                false
            ]
        },
        "global_translation": [
            [
                -1250.9820921446048,
                20.764229271400367,
                532.5033698063459
            ],
            false
        ],
        "name": "Marker_Arm",
        "quality": 1.1363933729358293
    },
    "subject_2": {
        "global_rotation": {
            "eulerxyz": [
                [
                    0.0,
                    0.0,
                    0.0
                ],
                true
            ],
            "helical": [
                [
                    0.0,
                    0.0,
                    0.0
                ],
                true
            ],
            "matrix": [
                [
                    [
                        0.0,
                        0.0,
                        0.0
                    ],
                    [
                        0.0,
                        0.0,
                        0.0
                    ],
                    [
                        0.0,
                        0.0,
                        0.0
                    ]
                ],
                true
            ],
            "quaternion": [
                [
                    0.0,
                    0.0,
                    0.0,
                    0.0
                ],
                true
            ]
        },
        "global_translation": [
            [
                0.0,
                0.0,
                0.0
            ],
            true
        ],
        "name": "rll_led_stick",
        "quality": "Not present"
    },
    "subject_3": {
        "global_rotation": {
            "eulerxyz": [
                [
                    3.1392211675004527,
                    0.009466404437570484,
                    3.04519082172017
                ],
                false
            ],
            "helical": [
                [
                    -0.15093634552427224,
                    3.1286096264035104,
                    -0.0044240643164982305
                ],
                false
            ],
            "matrix": [
                [
                    [
                        -0.9953123428264596,
                        -0.0962482731331592,
                        0.009466263053015577
                    ],
                    [
                        -0.09627466003153373,
                        0.9953519811624654,
                        -0.0023713776096127765
                    ],
                    [
                        -0.009194022684152234,
                        -0.003271622661548045,
                        -0.9999523820822889
                    ]
                ],
                false
            ],
            "quaternion": [
                [
                    -0.04818728590967648,
                    0.9988263995899406,
                    -0.0014124076700109014,
                    0.004670552796969681
                ],
                false
            ]
        },
        "global_translation": [
            [
                -994.255322071932,
                188.90568825094942,
                470.2992144687656
            ],
            false
        ],
        "name": "rll_muscle_base",
        "quality": 0.7738520986607801
    },
    "subject_4": {
        "global_rotation": {
            "eulerxyz": [
                [
                    -1.1095002631011683,
                    -0.8344039617766936,
                    -2.0570704648728064
                ],
                false
            ],
            "helical": [
                [
                    0.10853836389575852,
                    -1.377415645102447,
                    -1.2963584765105003
                ],
                false
            ],
            "matrix": [
                [
                    [
                        -0.3138713744423239,
                        0.5937654290737902,
                        -0.7408963325206195
                    ],
                    [
                        -0.7035680592708915,
                        0.37853244505353983,
                        0.6014192996700224
                    ],
                    [
                        0.6375552888020599,
                        0.7100392969960231,
                        0.2989438917956266
                    ]
                ],
                false
            ],
            "quaternion": [
                [
                    0.046508839774040835,
                    -0.5902245182344252,
                    -0.5554914088409494,
                    0.5838674854808329
                ],
                false
            ]
        },
        "global_translation": [
            [
                -1285.7363862430118,
                -321.22611809576256,
                495.8928729523525
            ],
            false
        ],
        "name": "rll_muscle_racket",
        "quality": 0.10536486322856325
    },
    "subject_5": {
        "global_rotation": {
            "eulerxyz": [
                [
                    0.002049778251810479,
                    -0.021648697221659994,
                    -1.4682723246250096
                ],
                false
            ],
            "helical": [
                [
                    0.017560598877943166,
                    -0.016107375148693134,
                    -1.4682321509253884
                ],
                false
            ],
            "matrix": [
                [
                    [
                        0.10232050689487295,
                        0.9945159229438083,
                        -0.021647006259566864
                    ],
                    [
                        -0.9947514678249738,
                        0.10230013511181649,
                        -0.002049296504737376
                    ],
                    [
                        0.00017643366032561378,
                        0.02174307630786315,
                        0.9997635758037168
                    ]
                ],
                false
            ],
            "quaternion": [
                [
                    0.008012427524473741,
                    -0.007349360741364967,
                    -0.6699147210274282,
                    0.7423584406825328
                ],
                false
            ]
        },
        "global_translation": [
            [
                1870.1200808496828,
                526.5978753755292,
                1020.7920711805659
            ],
            false
        ],
        "name": "rll_ping_base",
        "quality": 0.5103507759856846
    },
    "subject_6": {
        "global_rotation": {
            "eulerxyz": [
                [
                    -0.007546816217447955,
                    0.012781731221389475,
                    -3.124883541760834
                ],
                false
            ],
            "helical": [
                [
                    0.020283250202477295,
                    0.011748474035978371,
                    3.1581660894872443
                ],
                false
            ],
            "matrix": [
                [
                    [
                        -0.9997787322271682,
                        0.016706969500815568,
                        0.012781383193342438
                    ],
                    [
                        -0.016611414150663948,
                        -0.9998335445814317,
                        0.007546128122760558
                    ],
                    [
                        0.012905328595249317,
                        0.007332141558154384,
                        0.9998898400294006
                    ]
                ],
                false
            ],
            "quaternion": [
                [
                    0.006422077640126111,
                    0.0037197989305897254,
                    0.9999377626680073,
                    -0.008330114356962652
                ],
                false
            ]
        },
        "global_translation": [
            [
                1776.8033675678369,
                930.7508284733981,
                45.70783296924371
            ],
            false
        ],
        "name": "TT Platte_Eckteil 1",
        "quality": 0.7824102790821458
    },
"subject_7": {
    "global_rotation": {
        "eulerxyz": [
            [
                0.022897272777164378,
                0.04704974026830531,
                1.582297659274518
            ],
            false
        ],
        "helical": [
            [
                0.05512934543739434,
                0.01868525122388094,
                1.5824422327877279
            ],
            false
        ],
        "matrix": [
            [
                [
                    -0.011488351419127355,
                    -0.9988272987344486,
                    0.047032383359925656
                ],
                [
                    0.9996593620617982,
                    -0.012574812115205962,
                    -0.02286993534021669
                ],
                [
                    0.023434539122181547,
                    0.04675362449170809,
                    0.9986315241233971
                ]
            ],
            false
        ],
        "quaternion": [
            [
                0.024773658251666133,
                0.00839665380559671,
                0.7111073561104769,
                0.7025966767266024
            ],
            false
        ]
    },
    "global_translation": [
        [
            1803.3626082619624,
            -599.8192371082778,
            44.151327054635146
        ],
        false
    ],
    "name": "TT Platte_Eckteil 2",
    "quality": 1.3524974994534606
},
"subject_8": {
    "global_rotation": {
        "eulerxyz": [
            [
                0.003925193237397511,
                -0.01948690470968915,
                0.030922640497293843
            ],
            false
        ],
        "helical": [
            [
                0.0036234630048052863,
                -0.019546011671855767,
                0.030883377281972834
            ],
            false
        ],
        "matrix": [
            [
                [
                    0.9993321602967896,
                    -0.030911842492881553,
                    -0.019485671408676485
                ],
                [
                    0.030841026203923535,
                    0.9995165981062013,
                    -0.003924437908197289
                ],
                [
                    0.01959756360470688,
                    0.003320858910233377,
                    0.9998024341823027
                ]
            ],
            false
        ],
        "quaternion": [
            [
                0.0018116296728028706,
                -0.00977245653749623,
                0.015440820730387059,
                0.9998313848576286
            ],
            false
        ]
    },
    "global_translation": [
        [
            -944.0859737863302,
            -657.7670911644093,
            22.60390259491425
        ],
        false
    ],
    "name": "TT Platte_Eckteil 3",
    "quality": 0.7313731274054518
},
"subject_9": {
    "global_rotation": {
        "eulerxyz": [
            [
                -0.021916181707488058,
                -0.024964537638057012,
                -1.535110662162732
            ],
            false
        ],
        "helical": [
            [
                0.0017285719025764133,
                -0.036676545886617874,
                -1.5346838432175391
            ],
            false
        ],
        "matrix": [
            [
                [
                    0.03566697381264253,
                    0.9990519347360841,
                    -0.024961944618469605
                ],
                [
                    -0.9991038203669537,
                    0.036216201387649576,
                    0.02190759880057975
                ],
                [
                    0.02279085578047096,
                    0.024158196479383144,
                    0.9994483270463047
                ]
            ],
            false
        ],
        "quaternion": [
            [
                0.0007818853317816649,
                -0.016589910553573853,
                -0.6941839006787057,
                0.7196060558122404
            ],
            false
        ]
    },
    "global_translation": [
        [
            -974.274917649291,
            873.3190671355119,
            26.942486303792545
        ],
        false
    ],
    "name": "TT Platte_Eckteil 4",
    "quality": 0.603911695249405
},
"time_stamp": 1630592125806639600
}
