{
    "frame_number": 1272786,
    "frame_rate": 300.0,
    "latency": 0.005777589986809492,
    "my_frame_number": 2491,
    "num_subjects": 10,
    "on_time": 8.3001163,
    "subjectNames": [
        "Marker Ballmaschine",
        "Marker_Arm",
        "rll_led_stick",
        "rll_muscle_base",
        "rll_muscle_racket",
        "rll_ping_base",
        "TT Platte_Eckteil 1",
        "TT Platte_Eckteil 2",
        "TT Platte_Eckteil 3",
        "TT Platte_Eckteil 4"
    ],
    "subject_0": {
        "global_rotation": {
            "eulerxyz": [
                [
                    -0.024116033309082834,
                    -0.021932924274074683,
                    -2.2934460010827005
                ],
                false
            ],
            "helical": [
                [
                    -0.022033280894343713,
                    0.06786031300794237,
                    3.9892458579781613
                ],
                false
            ],
            "matrix": [
                [
                    [
                        -0.6612153235096959,
                        0.7498755362866505,
                        -0.021931165832589028
                    ],
                    [
                        -0.7501876003043983,
                        -0.6607854218260255,
                        0.02410789604527497
                    ],
                    [
                        0.0035861268098695224,
                        0.03239299895054239,
                        0.9994687755570429
                    ]
                ],
                false
            ],
            "quaternion": [
                [
                    -0.005032960343753307,
                    0.015501017116853387,
                    0.9112449616997568,
                    -0.41154223058555023
                ],
                false
            ]
        },
        "global_translation": [
            [
                1390.371367542496,
                1845.1645127949819,
                496.48258671902136
            ],
            false
        ],
        "name": "Marker Ballmaschine",
        "quality": 0.48128880473007585
    },
    "subject_1": {
        "global_rotation": {
            "eulerxyz": [
                [
                    0.1157217503439271,
                    0.0036336023284632515,
                    0.9478962548207216
                ],
                false
            ],
            "helical": [
                [
                    0.10864259319028238,
                    -0.05149151118572729,
                    0.9470146467155353
                ],
                false
            ],
            "matrix": [
                [
                    [
                        0.5833891686749147,
                        -0.8121846310199531,
                        0.0036335943326867085
                    ],
                    [
                        0.8070025895602929,
                        0.579150363862157,
                        -0.11546287923532976
                    ],
                    [
                        0.09167277848834471,
                        0.07029211316580089,
                        0.9933051497454913
                    ]
                ],
                false
            ],
            "quaternion": [
                [
                    0.0522820597032727,
                    -0.02477925262064459,
                    0.45573172404618145,
                    0.8882348622806024
                ],
                false
            ]
        },
        "global_translation": [
            [
                -1178.2665180388792,
                -387.99798192343303,
                537.1714748030902
            ],
            false
        ],
        "name": "Marker_Arm",
        "quality": 0.9554713718851379
    },
    "subject_2": {
        "global_rotation": {
            "eulerxyz": [
                [
                    0.0,
                    0.0,
                    0.0
                ],
                true
            ],
            "helical": [
                [
                    0.0,
                    0.0,
                    0.0
                ],
                true
            ],
            "matrix": [
                [
                    [
                        0.0,
                        0.0,
                        0.0
                    ],
                    [
                        0.0,
                        0.0,
                        0.0
                    ],
                    [
                        0.0,
                        0.0,
                        0.0
                    ]
                ],
                true
            ],
            "quaternion": [
                [
                    0.0,
                    0.0,
                    0.0,
                    0.0
                ],
                true
            ]
        },
        "global_translation": [
            [
                0.0,
                0.0,
                0.0
            ],
            true
        ],
        "name": "rll_led_stick",
        "quality": "Not present"
    },
    "subject_3": {
        "global_rotation": {
            "eulerxyz": [
                [
                    3.1340446580091696,
                    0.008517054498724894,
                    2.7980278236054996
                ],
                false
            ],
            "helical": [
                [
                    -0.5358505139746341,
                    3.0883175714916837,
                    -0.013937127961913594
                ],
                false
            ],
            "matrix": [
                [
                    [
                        -0.9415257027262518,
                        -0.3368335087881166,
                        0.008516951527600975
                    ],
                    [
                        -0.3368966592231608,
                        0.941511377510397,
                        -0.007547650147429744
                    ],
                    [
                        -0.005476505282676969,
                        -0.009975639125405052,
                        -0.9999352451603696
                    ]
                ],
                false
            ],
            "quaternion": [
                [
                    -0.17095186817034258,
                    0.9852629503585602,
                    -0.004446348374933226,
                    0.0035506909107831056
                ],
                false
            ]
        },
        "global_translation": [
            [
                -1095.3254983186375,
                -249.14794183077,
                472.8745138532151
            ],
            false
        ],
        "name": "rll_muscle_base",
        "quality": 0.6280873874485235
    },
    "subject_4": {
        "global_rotation": {
            "eulerxyz": [
                [
                    1.1178174267624512,
                    -0.6545602701809894,
                    0.3842711787022921
                ],
                false
            ],
            "helical": [
                [
                    0.9384800997179662,
                    -0.7736791743073962,
                    -0.029848171512240083
                ],
                false
            ],
            "matrix": [
                [
                    [
                        0.7354607105549539,
                        -0.2974010254134927,
                        -0.6088104576245429
                    ],
                    [
                        -0.3434224679062015,
                        0.6109443944392938,
                        -0.7133077564701078
                    ],
                    [
                        0.5840877945713437,
                        0.7336890192623899,
                        0.3471914043385524
                    ]
                ],
                false
            ],
            "quaternion": [
                [
                    0.4408301577073385,
                    -0.36341858770080393,
                    -0.014020514829212408,
                    0.8206089978383129
                ],
                false
            ]
        },
        "global_translation": [
            [
                -871.1796376944175,
                -531.4653591480285,
                489.16057699818015
            ],
            false
        ],
        "name": "rll_muscle_racket",
        "quality": 0.11772559634979972
    },
    "subject_5": {
        "global_rotation": {
            "eulerxyz": [
                [
                    -0.007603588235455474,
                    -0.008429094210487688,
                    -1.1388493437409528
                ],
                false
            ],
            "helical": [
                [
                    -0.001963691546788539,
                    -0.0118273100432385,
                    -1.1388045141627008
                ],
                false
            ],
            "matrix": [
                [
                    [
                        0.4186248800860218,
                        0.9081201252182565,
                        -0.008428994396839237
                    ],
                    [
                        -0.9080993042708041,
                        0.41868585389348756,
                        0.0076032448574630835
                    ],
                    [
                        0.010433760388528498,
                        0.004471456480752077,
                        0.9999355692848895
                    ]
                ],
                false
            ],
            "quaternion": [
                [
                    -0.0009296380538951454,
                    -0.0055992080372257984,
                    -0.5391254110374921,
                    0.8422063736496535
                ],
                false
            ]
        },
        "global_translation": [
            [
                1511.3573234690423,
                993.2142771247703,
                1007.2988745976927
            ],
            false
        ],
        "name": "rll_ping_base",
        "quality": 0.7238775306273201
    },
    "subject_6": {
        "global_rotation": {
            "eulerxyz": [
                [
                    -0.010929497597377377,
                    -0.003867101502776693,
                    -3.129235931991838
                ],
                false
            ],
            "helical": [
                [
                    -0.005991778449064551,
                    0.017273216293924188,
                    3.153917308544672
                ],
                false
            ],
            "matrix": [
                [
                    [
                        -0.9999161800302169,
                        0.012356314753663888,
                        -0.003867091864372399
                    ],
                    [
                        -0.012397930445229445,
                        -0.9998634126447331,
                        0.010929198282744029
                    ],
                    [
                        -0.003731519054535282,
                        0.010976226133634017,
                        0.9999327968545728
                    ]
                ],
                false
            ],
            "quaternion": [
                [
                    -0.0018997210284120007,
                    0.005476552996881856,
                    0.9999640480449188,
                    -0.0061887837986004685
                ],
                false
            ]
        },
        "global_translation": [
            [
                1828.7288475864705,
                786.4001456855268,
                35.83090131784945
            ],
            false
        ],
        "name": "TT Platte_Eckteil 1",
        "quality": 0.5126587536176004
    },
    "subject_7": {
        "global_rotation": {
            "eulerxyz": [
                [
                    0.01830002258594983,
                    0.009168248814032205,
                    1.653986334129458
                ],
                false
            ],
            "helical": [
                [
                    0.021506558587541875,
                    -0.008157973625130046,
                    1.654006647988776
                ],
                false
            ],
            "matrix": [
                [
                    [
                        -0.08309059443239078,
                        -0.9964998237258803,
                        0.009168120372316783
                    ],
                    [
                        0.9963609043153169,
                        -0.08324736063995757,
                        -0.01829823211254194
                    ],
                    [
                        0.018997406897668084,
                        0.0076143457217402585,
                        0.9997905381980737
                    ]
                ],
                false
            ],
            "quaternion": [
                [
                    0.009568542332728778,
                    -0.003629586559076892,
                    0.7358886623108183,
                    0.6770252179804173
                ],
                false
            ]
        },
        "global_translation": [
            [
                1842.6900845024215,
                -743.8044132097665,
                39.61641920965468
            ],
            false
        ],
        "name": "TT Platte_Eckteil 2",
        "quality": 1.3810697966463439
    },
    "subject_8": {
        "global_rotation": {
            "eulerxyz": [
                [
                    0.00836739528877122,
                    -0.012492052546371153,
                    0.022846007433728457
                ],
                false
            ],
            "helical": [
                [
                    0.008224225786817769,
                    -0.012587014606280294,
                    0.022793314071179047
                ],
                false
            ],
            "matrix": [
                [
                    [
                        0.9996610370103318,
                        -0.02284223771397746,
                        -0.012491727648573004
                    ],
                    [
                        0.02273872569571166,
                        0.9997064317131329,
                        -0.008366644795278757
                    ],
                    [
                        0.01267917336276935,
                        0.008079762843879056,
                        0.9998869716099033
                    ]
                ],
                false
            ],
            "quaternion": [
                [
                    0.0041119851439321686,
                    -0.006293311785097349,
                    0.011396302979898364,
                    0.9999068006986161
                ],
                false
            ]
        },
        "global_translation": [
            [
                -908.6259497321944,
                -775.2612010050276,
                29.330317697682798
            ],
            false
        ],
        "name": "TT Platte_Eckteil 3",
        "quality": 0.7149701889879979
    },
    "subject_9": {
        "global_rotation": {
            "eulerxyz": [
                [
                    -0.026995816247768215,
                    -0.030174188593206107,
                    -1.5549911089148347
                ],
                false
            ],
            "helical": [
                [
                    0.0021368329319494026,
                    -0.04481713472192026,
                    -1.5543527157559138
                ],
                false
            ],
            "matrix": [
                [
                    [
                        0.015797365516397686,
                        0.9994199507101885,
                        -0.030169609960776323
                    ],
                    [
                        -0.9994979102230949,
                        0.016613053836507137,
                        0.026980250219212916
                    ],
                    [
                        0.027465809698739126,
                        0.02972824523360503,
                        0.9991805946539011
                    ]
                ],
                false
            ],
            "quaternion": [
                [
                    0.0009639795108705348,
                    -0.020218145724870615,
                    -0.7012079176857953,
                    0.7126694559904344
                ],
                false
            ]
        },
        "global_translation": [
            [
                -924.1615932493147,
                756.5263654407709,
                21.541947478511002
            ],
            false
        ],
        "name": "TT Platte_Eckteil 4",
        "quality": 0.4352170685664331
    },
    "time_stamp": 1631185171887896200
}